0 7
0 5
1 32
0 54
1 40
0 57
1 47
0 18
1 18
1 13
0 55
0 52
0 32
0 50
1 57
1 50
1 2
0 13
0 52
0 17
0 50
0 39
1 50
1 61
0 2
0 2
0 13
0 2
1 50
0 39
0 43
1 2
0 13
0 35
1 13
1 45
0 50
0 35
1 39
0 35
1 43
1 2
1 18
1 2
0 39
1 39
1 2
0 35
0 35
1 39
0 41
1 2
1 39
0 39
1 39
0 2
0 2
0 11
0 11
1 2
1 63
1 2
1 11
1 62
0 39
0 2
1 2
1 3
0 2
0 11
0 2
0 2
0 3
0 25
0 11
1 44
1 3
0 11
1 11
1 3
0 29
1 13
0 11
0 25
1 11
0 25
1 50
0 11
0 11
0 11
1 13
0 11
0 11
1 50
0 35
0 7
1 50
1 8
1 11
0 7
1 11
0 24
1 50
0 8
0 7
1 11
1 59
1 7
0 24
1 24
0 59
0 24
0 59
1 11
0 10
1 8
0 0
1 0
0 11
1 11
1 11
0 0
0 0
0 11
0 11
0 11
0 11
0 11
1 24
0 11
1 11
0 0
0 24
0 24
1 11
0 11
0 11
0 24
1 11
1 24
1 11
0 11
0 12
0 11
1 12
0 24
0 11
1 11
0 24
1 45
1 24
0 11
0 11
0 54
1 54
0 54
0 11
0 11
0 45
1 11
1 45
0 18
0 45
0 54
0 49
1 18
1 22
0 18
0 11
0 18
1 22
0 18
1 45
1 18
0 22
0 18
1 18
1 18
1 18
1 18
0 18
1 34
0 52
0 54
0 18
1 49
0 18
1 54
1 18
0 54
0 18
1 54
0 43
0 49
1 17
0 17
1 18
0 17
1 54
0 54
0 13
1 17
0 61
0 17
0 61
0 17
0 18
0 17
1 15
0 61
0 57
0 60
1 61
0 51
0 17
0 58
0 30
0 17
0 15
0 57
1 60
0 30
0 51
0 58
0 15
1 58
0 58
0 20
1 58
1 15
0 4
0 46
0 15
1 15
0 20
0 20
0 23
1 20
0 20
1 20
0 4
1 45
0 15
0 15
0 20
0 45
1 20
0 20
0 4
1 20
1 20
1 45
0 45
1 20
0 9
0 45
1 45
1 44
1 5
0 45
0 45
1 9
0 20
1 5
1 45
0 5
1 44
0 45
1 24
0 61
0 24
0 44
0 4
0 24
1 4
0 4
0 4
0 44
1 61
0 61
0 24
0 4
0 4
0 38
1 4
0 61
1 38
0 38
0 24
1 4
0 4
0 24
0 57
0 2
0 4
0 17
0 46
0 10
0 24
0 4
0 4
1 2
0 57
1 39
0 10
0 24
1 4
0 10
1 51
0 4
0 10
1 2
1 53
0 4
1 24
1 9
1 9
1 42
1 32
0 4
1 9
0 53
0 42
0 13
0 4
0 13
0 60
0 51
0 51
1 51
1 51
1 16
1 4
1 51
0 63
1 50
0 4
1 51
1 52
1 4
1 53
0 4
0 50
0 50
0 58
0 3
1 28
1 3
0 57
0 8
1 3
0 58
1 53
0 28
0 3
1 58
0 57
1 58
1 63
0 53
1 57
1 58
0 58
1 58
1 56
0 56
1 42
1 56
1 42
0 41
0 41
0 56
0 11
1 23
1 56
1 56
1 56
1 11
1 11
1 11
0 11
0 11
0 11
0 3
1 26
0 56
0 26
1 26
0 26
1 19
1 48
0 11
0 37
1 26
0 51
1 11
0 51
1 13
1 37
0 51
0 37
0 51
1 37
1 58
1 40
0 51
1 48
0 37
0 37
1 37
0 51
1 51
0 37
0 37
1 4
1 4
1 4
0 51
0 29
0 51
0 4
1 37
1 37
1 4
0 4
0 4
1 4
0 4
0 37
0 4
0 37
0 24
0 41
0 4
1 4
1 4
1 4
1 4
0 11
1 11
1 4
1 4
1 4
1 53
0 4
0 6
0 38
0 11
0 4
0 4
1 4
0 4
0 38
0 4
1 4
1 33
0 60
0 4
1 4
1 18
0 61
0 33
0 4
0 4
0 33
0 35
0 61
0 18
1 4
1 4
1 61
0 33
0 61
1 51
1 51
1 61
0 14
0 61
1 7
0 7
1 61
1 61
1 51
0 21
0 61
1 7
1 36
0 36
1 7
1 7
0 53
0 51
0 7
0 44
0 7
0 7
1 36
0 61
0 7
0 36
